CPMD CUBE FILE. 
OUTER LOOP: X, MIDDLE LOOP: Y, INNER LOOP: Z
 80  0.000000    0.000000    0.000000
 80  0.1    0.000000    0.000000
 80  0.000000    0.1    0.000000
 80  0.000000    0.000000    0.1
 [[[1.88793538e-11 1.87213902e-11 1.85661843e-11 ... 1.85661843e-11
   1.87213902e-11 1.88793538e-11]
  [1.87213902e-11 1.85620824e-11 1.84055332e-11 ... 1.84055332e-11
   1.85620824e-11 1.87213902e-11]
  [1.85661843e-11 1.84055332e-11 1.82476409e-11 ... 1.82476409e-11
   1.84055332e-11 1.85661843e-11]
  ...
  [1.85661843e-11 1.84055332e-11 1.82476409e-11 ... 1.82476409e-11
   1.84055332e-11 1.85661843e-11]
  [1.87213902e-11 1.85620824e-11 1.84055332e-11 ... 1.84055332e-11
   1.85620824e-11 1.87213902e-11]
  [1.88793538e-11 1.87213902e-11 1.85661843e-11 ... 1.85661843e-11
   1.87213902e-11 1.88793538e-11]]

 [[1.87213902e-11 1.85620824e-11 1.84055332e-11 ... 1.84055332e-11
   1.85620824e-11 1.87213902e-11]
  [1.85620824e-11 1.84013955e-11 1.82434674e-11 ... 1.82434674e-11
   1.84013955e-11 1.85620824e-11]
  [1.84055332e-11 1.82434674e-11 1.80841602e-11 ... 1.80841602e-11
   1.82434674e-11 1.84055332e-11]
  ...
  [1.84055332e-11 1.82434674e-11 1.80841602e-11 ... 1.80841602e-11
   1.82434674e-11 1.84055332e-11]
  [1.85620824e-11 1.84013955e-11 1.82434674e-11 ... 1.82434674e-11
   1.84013955e-11 1.85620824e-11]
  [1.87213902e-11 1.85620824e-11 1.84055332e-11 ... 1.84055332e-11
   1.85620824e-11 1.87213902e-11]]

 [[1.85661843e-11 1.84055332e-11 1.82476409e-11 ... 1.82476409e-11
   1.84055332e-11 1.85661843e-11]
  [1.84055332e-11 1.82434674e-11 1.80841602e-11 ... 1.80841602e-11
   1.82434674e-11 1.84055332e-11]
  [1.82476409e-11 1.80841602e-11 1.79234372e-11 ... 1.79234372e-11
   1.80841602e-11 1.82476409e-11]
  ...
  [1.82476409e-11 1.80841602e-11 1.79234372e-11 ... 1.79234372e-11
   1.80841602e-11 1.82476409e-11]
  [1.84055332e-11 1.82434674e-11 1.80841602e-11 ... 1.80841602e-11
   1.82434674e-11 1.84055332e-11]
  [1.85661843e-11 1.84055332e-11 1.82476409e-11 ... 1.82476409e-11
   1.84055332e-11 1.85661843e-11]]

 ...

 [[1.85661843e-11 1.84055332e-11 1.82476409e-11 ... 1.82476409e-11
   1.84055332e-11 1.85661843e-11]
  [1.84055332e-11 1.82434674e-11 1.80841602e-11 ... 1.80841602e-11
   1.82434674e-11 1.84055332e-11]
  [1.82476409e-11 1.80841602e-11 1.79234372e-11 ... 1.79234372e-11
   1.80841602e-11 1.82476409e-11]
  ...
  [1.82476409e-11 1.80841602e-11 1.79234372e-11 ... 1.79234372e-11
   1.80841602e-11 1.82476409e-11]
  [1.84055332e-11 1.82434674e-11 1.80841602e-11 ... 1.80841602e-11
   1.82434674e-11 1.84055332e-11]
  [1.85661843e-11 1.84055332e-11 1.82476409e-11 ... 1.82476409e-11
   1.84055332e-11 1.85661843e-11]]

 [[1.87213902e-11 1.85620824e-11 1.84055332e-11 ... 1.84055332e-11
   1.85620824e-11 1.87213902e-11]
  [1.85620824e-11 1.84013955e-11 1.82434674e-11 ... 1.82434674e-11
   1.84013955e-11 1.85620824e-11]
  [1.84055332e-11 1.82434674e-11 1.80841602e-11 ... 1.80841602e-11
   1.82434674e-11 1.84055332e-11]
  ...
  [1.84055332e-11 1.82434674e-11 1.80841602e-11 ... 1.80841602e-11
   1.82434674e-11 1.84055332e-11]
  [1.85620824e-11 1.84013955e-11 1.82434674e-11 ... 1.82434674e-11
   1.84013955e-11 1.85620824e-11]
  [1.87213902e-11 1.85620824e-11 1.84055332e-11 ... 1.84055332e-11
   1.85620824e-11 1.87213902e-11]]

 [[1.88793538e-11 1.87213902e-11 1.85661843e-11 ... 1.85661843e-11
   1.87213902e-11 1.88793538e-11]
  [1.87213902e-11 1.85620824e-11 1.84055332e-11 ... 1.84055332e-11
   1.85620824e-11 1.87213902e-11]
  [1.85661843e-11 1.84055332e-11 1.82476409e-11 ... 1.82476409e-11
   1.84055332e-11 1.85661843e-11]
  ...
  [1.85661843e-11 1.84055332e-11 1.82476409e-11 ... 1.82476409e-11
   1.84055332e-11 1.85661843e-11]
  [1.87213902e-11 1.85620824e-11 1.84055332e-11 ... 1.84055332e-11
   1.85620824e-11 1.87213902e-11]
  [1.88793538e-11 1.87213902e-11 1.85661843e-11 ... 1.85661843e-11
   1.87213902e-11 1.88793538e-11]]] 